1000000000000000000000000000000000000000000000000000000000000000000000000000000000000000000000000000
1000000000000000000000000000000000000000000000000000000000000000000000000000000000000000000000000000
1110000000000000000000000000000000000000000000000000000000000000000000000000000000000000000000000000
1011000000000000000000000000000000000000000000000000000000000000000000000000000000000000000000000000
1111100000000000000000000000000000000000000000000000000000000000000000000000000000000000000000000000
1011110000000000000000000000000000000000000000000000000000000000000000000000000000000000000000000000
1110101000000000000000000000000000000000000000000000000000000000000000000000000000000000000000000000
1100101100000000000000000000000000000000000000000000000000000000000000000000000000000000000000000000
1000111010000000000000000000000000000000000000000000000000000000000000000000000000000000000000000000
1010000111000000000000000000000000000000000000000000000000000000000000000000000000000000000000000000
1111101101100000000000000000000000000000000000000000000000000000000000000000000000000000000000000000
1001101010110000000000000000000000000000000000000000000000000000000000000000000000000000000000000000
1000101100001000000000000000000000000000000000000000000000000000000000000000000000000000000000000000
1101111111001100000000000000000000000000000000000000000000000000000000000000000000000000000000000000
1111110001011110000000000000000000000000000000000000000000000000000000000000000000000000000000000000
1010001100011001000000000000000000000000000000000000000000000000000000000000000000000000000000000000
1001111101000111100000000000000000000000000000000000000000000000000000000000000000000000000000000000
1100001011011000110000000000000000000000000000000000000000000000000000000000000000000000000000000000
1010100011100111011000000000000000000000000000000000000000000000000000000000000000000000000000000000
1101011111100100101100000000000000000000000000000000000000000000000000000000000000000000000000000000
1100101111111011001110000000000000000000000000000000000000000000000000000000000000000000000000000000
1101110100001101001111000000000000000000000000000000000000000000000000000000000000000000000000000000
1000010110110111001011100000000000000000000000000000000000000000000000000000000000000000000000000000
1001010010000011000111110000000000000000000000000000000000000000000000000000000000000000000000000000
1010001101010101001000101000000000000000000000000000000000000000000000000000000000000000000000000000
1011000001111111011011110100000000000000000000000000000000000000000000000000000000000000000000000000
1010110001011010011101111110000000000000000000000000000000000000000000000000000000000000000000000000
1001110010100001100000000001000000000000000000000000000000000000000000000000000000000000000000000000
1111010000010010001011100111100000000000000000000000000000000000000000000000000000000000000000000000
1010001011000010100011100010110000000000000000000000000000000000000000000000000000000000000000000000
1111101100001100000111111000011000000000000000000000000000000000000000000000000000000000000000000000
1011000111010110011010100110100100000000000000000000000000000000000000000000000000000000000000000000
1100111111100010011000110101101010000000000000000000000000000000000000000000000000000000000000000000
1100010100011100011001111011010001000000000000000000000000000000000000000000000000000000000000000000
1100010100110001101100110011000000100000000000000000000000000000000000000000000000000000000000000000
1011010010101011110100010100000110010000000000000000000000000000000000000000000000000000000000000000
1010100010000010001001110000101011011000000000000000000000000000000000000000000000000000000000000000
1110010100110011110011011100010111110100000000000000000000000000000000000000000000000000000000000000
1010101101101010000010110001011110111010000000000000000000000000000000000000000000000000000000000000
1011111010001010100010001100011110111001000000000000000000000000000000000000000000000000000000000000
1111111010000000001101111100010011001010100000000000000000000000000000000000000000000000000000000000
1011100011101010001100000101111010100001110000000000000000000000000000000000000000000000000000000000
1111000101000110111101011100011111010111011000000000000000000000000000000000000000000000000000000000
1110110011011011101100010000111011001110100100000000000000000000000000000000000000000000000000000000
1100000010111100100111001110001101011111000010000000000000000000000000000000000000000000000000000000
1110101111001000010101000011110001000100001011000000000000000000000000000000000000000000000000000000
1110000001010101011101010111100110000001000100100000000000000000000000000000000000000000000000000000
1001100111100111111110001001001111011100010001010000000000000000000000000000000000000000000000000000
1111101110101010000000010110001111110101110010101000000000000000000000000000000000000000000000000000
1011001101100101100010101011101110111111010101101100000000000000000000000000000000000000000000000000
1011000000010101100001001111110001001011100000100010000000000000000000000000000000000000000000000000
1111101000110111001001001010101111000001101001101111000000000000000000000000000000000000000000000000
1101110011011111001101100100101110101011110010011110100000000000000000000000000000000000000000000000
1011100101001000000010000110011001101100111011101100010000000000000000000000000000000000000000000000
1000000110011101010110101101110001001101000110100100001000000000000000000000000000000000000000000000
1011111000100001011000111000001110011010101010101100100100000000000000000000000000000000000000000000
1110010110100101001010011110000000111011110000111100010110000000000000000000000000000000000000000000
1010111001010011010110010011110111100010010111101101010101000000000000000000000000000000000000000000
1011011000101001000011010011100110000001101010101000011011100000000000000000000000000000000000000000
1110101010100100011000100100101110000101100010011010111110010000000000000000000000000000000000000000
1001000000111111100000010001000010110110100010010011001110111000000000000000000000000000000000000000
1000111000100110110000011010100111001000100000110010011000100100000000000000000000000000000000000000
1101101111100001011010010011101000001101111101100101001000010110000000000000000000000000000000000000
1010010010110000011010111100100000011010011111000010111011001011000000000000000000000000000000000000
1110100001101100010111011101001010110111110010111001100111010111100000000000000000000000000000000000
1010101111000000101100001100110010001100011010011010011001111110110000000000000000000000000000000000
1111010101010101001000101111001100100010111011110100010110001011111000000000000000000000000000000000
1001001010101101110010101011000001011111001000011110011011111100110100000000000000000000000000000000
1010001101110100001110111011110110111011000001001001010001101101100110000000000000000000000000000000
1010110010110101000001110111011100010110001110000100001010111010000011000000000000000000000000000000
1111100100010110011110110011001010110011010110000011011001111111100000100000000000000000000000000000
1111100000011101001001110010011100000010001111010010010011000011110101110000000000000000000000000000
1101100011011101010011110111101000101101010011000001110000011001001100011000000000000000000000000000
1110010011101010011001000101110010011100001110101001100000001000100011010100000000000000000000000000
1000010011110110101101110100001001011110000111000110111111100111100001100110000000000000000000000000
1011011000111001101010110101010111100011100100110100100000101011001100000101000000000000000000000000
1111010010010001000100011001011111110100111000111010101100101111011100111010100000000000000000000000
1010011111011000111010110010101100000000101011100010111110100010111111101100110000000000000000000000
1001011001011011100010110001100110000010101010011001000101000011110111111110001000000000000000000000
1110000100111011110011001110010100000100001011011001000001000101100110100010010100000000000000000000
1110111010000000000100000100001101000001101100000010101101110110010011101011000010000000000000000000
1011000010111100110000101101111111000110010000100101000100011111101101110000111101000000000000000000
1110010101000111001110110110101110000000100100110011000111111101111111001010111001100000000000000000
1101011110010010111011000101100100101001110001000110000101100110110111110011111110110000000000000000
1000011011010001000111110001011001011010110111101000111000101000001101110111100010101000000000000000
1000100010110111101011010010101011001000100111100001011111101110101011110000101100010100000000000000
1111100100111010111001100110101111110110101011011011000101110111001100100101011001011110000000000000
1110101110100000011011111010100111110010001100001111111000001001100100001010011011110001000000000000
1101110001001010100100100111110101101010010011100110000101101111100000010010000010001010100000000000
1000111110000110100001010010111001000100110101110101000100100111001011100110110110100110110000000000
1101000100010110100011110011010110010000011001001000011100110001000111110010111010011011111000000000
1001101100011001011110100010010101001010101000010100100111111101111100110110101011001011001100000000
1001010001010110101000011010001100010011100111000100001010001110110100101011111010000000010110000000
1011011101111101011010001001111100111000101000110110110110111010101110000010000001011001010001000000
1001111111010100001111001101011111000011001111001010100111000100001011101111111000100001100001100000
1101100101011001101010001011001010100000010010001110000100010100011000011100001000100001100110110000
1111001100100101001111011010011000101101101001011001000000000101101011000010111100011100111110101000
1010010000000011100110111010101101101100010100000100101100011111011000000000100111010111011011011100
1100110011011000001111011110010000000101100001101110010001111010101100001101111000110001001100111010
1011111111010011011111011010100100011001011111110000001110001110100011000011100001001001000110000011
